llava-v1.5-7b

adversarial

Precision: 0.8863636363636364
Recall: 0.7222222222222222
F1: 0.7959183673469388
Accuracy: 0.8148148148148148
yes: 0.4074074074074074
unknow: 0.0

popular

Precision: 0.9212598425196851
Recall: 0.7222222222222222
F1: 0.809688581314879
Accuracy: 0.8302469135802469
yes: 0.39197530864197533
unknow: 0.0

random

Precision: 0.9212598425196851
Recall: 0.7222222222222222
F1: 0.809688581314879
Accuracy: 0.8302469135802469
yes: 0.39197530864197533
unknow: 0.0